0000
0000
0000
0000
0000
0000
0000
0000
c000
0000
0000
8400
0000
0000
0000
0000
0000
0000
0000
8600
c002
0000
2000
c000
0000
0000
8440
0000
0000
c000
0000
0000
8400
0000
0000
0000
0000
2500
c000
0000
0000
c000
0000
6100
c010
0000
0100
8800
0000
0000
6000
0000
007e
0000
0000
0000
0000
0002
0070
0000
0223
0020
0000
0000
0000
0000
0000
0000
0000
0000
0300
a484
0000
0000
0000
0000
2100
5300
0000
0000
0000
0000
0000
0000
0000
0000
0000
0000
4000
3002
0000
0000
0000
0000
0000
0000
0000
0000
0000
0000
0000
0000
0000
0400
9080
0000
0000
0000
0000
0600
a4ca
0000
0000
0000
0000
2e00
5600
0000
0000
0000
0000
0000
0000
0000
0000
0000
0000
e000
3000
0000
0000
0000
0000
0000
0000
0000
0000
0000
0000
2700
c000
0041
00e8
0000
0000
0000
0000
1000
00a0
0000
0000
0000
0000
0000
0000
0000
0000
0000
0000
0000
0000
0000
0000
0000
0000
0000
0000
0000
0000
0000
0000
0000
2000
c000
0000
0000
8400
0000
0000
0000
0000
0000
0000
0000
e000
c00f
0000
0000
8440
0000
f000
3003
0000
2000
c000
0000
0000
8400
0000
0000
0000
0000
0000
0000
0000
4000
3004
0000
4000
c000
0000
0000
8400
0000
0000
0000
0000
0000
0000
