0000
0000
0000
0000
0000
0000
0000
0000
c000
0000
0000
8400
0000
0000
0000
0000
0000
0000
0000
0000
c000
1000
00b0
0000
0000
0000
0000
0000
0000
0000
0000
0000
c000
2c00
00c0
0000
0000
0000
0000
0000
2000
c000
0000
0000
8440
0000
2000
3002
0000
0000
0000
0000
0000
0000
0000
0000
0000
0000
2000
c000
0000
6100
c010
0000
0100
8800
0000
0000
6000
0000
007e
0000
0000
0000
0000
0004
0070
0000
0423
0020
0000
0021
00e8
0000
1000
00a0
0000
0000
0400
a4c4
0000
2900
5400
0000
0000
0000
0000
0000
0000
0000
0000
0000
0000
0700
c000
0000
0000
c000
0000
0000
8400
0000
4000
3001
0000
0000
0000
0000
0000
0000
0000
0000
0000
0000
2700
c000
0000
2000
c000
0000
0000
8400
0000
4000
3001
0000
0000
0000
0000
0000
0000
0000
e000
c00f
0000
0000
8440
0000
1000
3003
0000
2000
c000
0000
0000
8400
0000
0000
0000
0000
0000
0000
0000
6000
3003
0000
4000
c000
0000
0000
8400
0000
0000
0000
0000
0000
0000
