0000
0000
0000
0000
0000
0000
0000
0100
c000
0000
0100
8400
0000
0000
0000
0000
0000
0000
0000
e200
c1ff
0021
00e0
0000
0000
0100
c000
1000
00a1
0000
0091
01e0
c000
1000
00b1
0000
0000
0000
0000
0000
0000
0000
0000
0100
c000
2600
00c2
0000
0000
0000
0000
0000
2100
c000
2800
00c2
0000
0000
0000
0000
0000
4100
c000
2a00
00c2
0000
0000
0000
0000
0000
6100
c000
2c00
00c2
0000
0000
0000
0000
0000
8100
c000
2e00
00c2
0000
0000
0000
0000
0000
a100
c000
3000
00c2
0000
0000
0000
0000
0000
8100
b940
0000
8200
b840
0000
8100
bc80
0000
8100
bc40
0000
8100
bc40
0000
0100
a242
0000
0100
8480
0000
0000
0000
0000
0100
a46a
0000
8100
b840
0000
c100
b840
0000
0100
84c0
0000
0000
0000
0000
0100
b548
0000
0100
8500
0000
0900
c000
0000
0a00
b1c0
0000
0100
9180
0000
4100
b441
0000
3200
5100
0000
0000
0000
0000
0000
0000
0000
0000
0000
0000
0000
0000
0000
0000
0000
0000
e100
c048
0000
0100
8800
0000
0000
0000
0000
0000
6000
0000
0000
0000
0000
0000
0000
0000
007e
0000
0000
0000
0000
0000
0000
0000
0000
0070
0000
0000
0000
0000
0000
0000
0000
00b1
0020
0000
0000
0000
0000
0000
0000
0000
0000
0100
a572
0000
0000
0000
0000
4f00
5100
0000
0000
0000
0000
0000
0000
0000
0000
0000
0000
0900
b2c0
0000
0000
0000
0000
6100
c000
0000
0100
8800
0000
0000
0000
0000
4a00
b680
0000
0000
0000
0000
3100
4a00
0000
0000
0000
0000
0000
0000
0000
0000
0000
0091
21e0
c000
1000
00a1
0000
0000
0100
a530
0000
0000
0000
0000
6700
5100
0000
0000
0000
0000
0000
0000
0000
0000
0000
0000
e100
dfff
0000
0000
0000
0000
7100
4100
0000
0000
0000
0000
0000
0000
0000
0000
0000
0000
4100
c000
0000
0200
c000
0011
01e0
8440
0000
0000
0000
1000
e1a2
dfff
0000
0000
0000
0000
7b00
4100
0000
0000
0000
0000
0000
0000
0000
0000
0000
0000
2100
c000
0000
0200
c000
0091
01e0
8440
0000
0000
0000
0000
0100
c000
1000
00a2
0000
0000
7b00
4100
0000
0000
0000
0000
0000
0000
0000
0000
0000
0000
0000
0000
0000
c000
3007
0000
2100
c000
0000
0100
8400
0000
0000
0000
0000
0000
0000
0000
1000
3008
0000
4100
c000
0000
0100
8400
0000
0000
0000
0000
0000
0000
