0000
0000
0000
0000
0000
0000
0000
0100
c000
0000
0100
8400
0000
0000
0000
0000
0000
0000
0000
8700
c007
0000
0300
c400
0000
0400
c040
0000
0500
c010
0000
8800
c0bb
0000
0600
c0c8
0000
8100
b940
0000
8200
b840
0000
8100
bc80
0000
8100
bc40
0000
8100
bc40
0000
0100
a242
0000
0100
8480
0000
0000
0000
0000
0100
a46a
0000
8100
b840
0000
c100
b840
0000
0100
84c0
0000
0000
0000
0000
0100
b548
0000
0100
8500
0000
0900
c000
0000
0a00
b1c0
0000
0100
9180
0000
4100
b441
0000
1e00
5100
0000
0000
0000
0000
0000
0000
0000
0000
0000
0000
0000
0000
0000
0000
0000
0000
e100
c048
0000
0100
8800
0000
0000
0000
0000
0000
6000
0000
0000
0000
0000
0000
0000
0000
007e
0000
0000
0000
0000
0000
0000
0000
0000
0070
0000
0000
0000
0000
0000
0000
0000
00b1
0020
0000
0000
0000
0000
0000
0000
0000
0000
0100
a572
0000
0000
0000
0000
3b00
5100
0000
0000
0000
0000
0000
0000
0000
0000
0000
0000
0900
b2c0
0000
0000
0000
0000
6100
c000
0000
0100
8800
0000
0000
0000
0000
4a00
b680
0000
0000
0000
0000
1d00
4a00
0000
0000
0000
0000
0000
0000
0000
0000
0000
0091
21e0
c000
1000
00a1
0000
0000
0100
a530
0000
0000
0000
0000
5300
5100
0000
0000
0000
0000
0000
0000
0000
0000
0000
0000
e100
dfff
0000
0000
0000
0000
5d00
4100
0000
0000
0000
0000
0000
0000
0000
0000
0000
0000
4100
c000
0000
0200
c000
0011
01e0
8440
0000
0000
0000
1000
e1a2
dfff
0000
0000
0000
0000
6700
4100
0000
0000
0000
0000
0000
0000
0000
0000
0000
0000
2100
c000
0000
0200
c000
0091
01e0
8440
0000
0000
0000
0000
0100
c000
1000
00a2
0000
0000
6700
4100
0000
0000
0000
0000
0000
0000
0000
0000
0000
0000
0000
0000
0000
8000
3006
0000
2100
c000
0000
0100
8400
0000
0000
0000
0000
0000
0000
0000
d000
3006
0000
4100
c000
0000
0100
8400
0000
0000
0000
0000
0000
0000
